ANTITHETIC SAMPLING
STD:
1.0e+06 *

    1.6323    0.8248    0.5305    1.0777    1.2092    1.0212    1.2147    1.0229    0.5070    0.9743    1.6313    1.6334
VAR:
 1.0e+12 *

    2.6645    0.6802    0.2815    1.1614    1.4621    1.0428    1.4756    1.0463    0.2570    0.9492    2.6611    2.6680

IMPORTANCE SAMPLING: 
STD:
1.0e+06 *

    4.5584    4.6140    4.7171    4.5491    4.4884    4.5053    4.5432    4.4961    4.7518    4.2272    4.5003    4.5440

VAR:
1.0e+13 *

    2.0779    2.1289    2.2251    2.0694    2.0146    2.0298    2.0641    2.0215    2.2579    1.7869    2.0252    2.0648

CONTROL VARIATE:
STD:
 1.0e+06 *

    3.2072    2.8182    2.6762    2.2370    2.2005    2.2540    2.1663    2.3011    2.6013    3.0289    3.2197    3.2277
VAR:
1.0e+13 *

    1.0286    0.7942    0.7162    0.5004    0.4842    0.5080    0.4693    0.5295    0.6767    0.9174    1.0366    1.0418


TRUNCATED:
STD:
1.0e+06 *

    5.2621    5.2963    5.2580    5.0281    4.9273    5.0430    4.9824    5.0409    5.2599    5.2821    5.3044    5.2781

VAR:
 1.0e+13 *

    2.7689    2.8051    2.7646    2.5282    2.4279    2.5432    2.4824    2.5410    2.7667    2.7900    2.8136    2.7858

STANDARD MC
STD:
1.0e+06 *

    5.9918    6.0267    6.0340    5.8931    5.8226    5.9391    5.8412    5.9324    6.0355    6.0885    6.0106    5.9890

VAR:
1.0e+13 *

    3.5902    3.6321    3.6409    3.4728    3.3902    3.5273    3.4120    3.5193    3.6428    3.7070    3.6128    3.5868

